31.942849393124696 83.404684000785 3.481472721902168 97.73050329407552
46.44529218484783 96.41162233711333 65.02808188167542 15.639516367571272
60.68309461540212 15.424822819183726 95.9588106567956 84.1334393311244
78.73464520302223 30.54527069807098 29.0439937248135 29.264721330856226
54.78555553282411 74.5077946733764 86.0438968373763 49.54280731668377
23.351386449500644 38.39572506837489 64.19866008574098 42.811357146184726
5.74939771623022 91.89349981904584 3.0083443397494913 93.1767481813972
44.59729161353264 69.70219937647528 7.7737524451850675 6.932602973866775
36.025460423446376 33.89724650107575 8.827497143237363 15.271106893153963
35.34049306480187 72.46321076988662 68.09212178228069 9.463829781652567
64.52911759364139 77.02751653557551 14.108663058231574 19.21896575623121
39.02922377506955 85.53940701235175 71.82919764995299 19.01259511632054
26.885124877091172 85.80675439746409 9.502987313138789 22.944092823130347
78.8869588116125 36.00066935937591 63.6508197567661 25.4552539481281
76.08441948891978 0.8116579148994996 65.1383548549683 4.5699494689649285
3.8369431148863598 33.70575829885853 27.12964412072919 54.10382091273506
41.47900840718045 65.82699482139338 79.73181287369783 90.51472583202452
88.30377197332223 19.604445689438478 29.58555739951939 99.9835227879513
25.314298675063363 12.126551248407559 18.259236146391768 78.50034774205066
53.39925528560193 57.51158428550166 49.17531777306403 31.403480103415383
79.55162180727939 2.5267267232238155 59.481434748264746 49.54563629968799
40.917253957516586 15.132485969919895 67.33382709529188 70.46303694926922
88.7222628006455 86.51730849837159 88.72946088943759 49.217652722030934
5.334355064125451 70.0036251659684 2.8608195954836324 39.367078621400196
24.51563010564867 1.54771756239237 12.807961107946053 62.206560578494575
